hrt=10.26023/YHVX-FPDR-KM14
lrt=10.26023/NK09-EAWW-510R