hrt=10.26023/X2W9-12BD-6C0S
lrt=10.26023/44NW-3RPN-ZF0B
